Temp              CH4_Cu                 H2O                  CO                 CO2
115.0                      0.0                 0.0                 0.0                 0.0
116.0                      0.0                 0.0                 0.0                 0.0
117.0                      0.0                 0.0                 0.0                 0.0
118.0                      0.0                 0.0                 0.0                 0.0
119.0                      0.0                 0.0                 0.0                 0.0
120.0                      0.0                 0.0                 0.0                 0.0
121.0                      0.0                 0.0                 0.0                 0.0
122.0                      0.0                 0.0                 0.0                 0.0
123.0                      0.0                 0.0                 0.0                 0.0
124.0                      0.0                 0.0                 0.0                 0.0
125.0                      0.0                 0.0                 0.0                 0.0
126.0                      0.0                 0.0                 0.0                 0.0
127.0                      0.0                 0.0                 0.0                 0.0
128.0                      0.0                 0.0                 0.0                 0.0
129.0                      0.0                 0.0                 0.0                 0.0
130.0                      0.0                 0.0                 0.0                 0.0
131.0                      0.0                 0.0                 0.0                 0.0
132.0                      0.0                 0.0                 0.0                 0.0
133.0                      0.0                 0.0                 0.0                 0.0
134.0                      0.0                 0.0                 0.0                 0.0
135.0                      0.0                 0.0                 0.0                 0.0
136.0                      0.0                 0.0                 0.0                 0.0
137.0                      0.0                 0.0                 0.0                 0.0
138.0                      0.0                 0.0                 0.0                 0.0
139.0                      0.0                 0.0                 0.0                 0.0
140.0                      0.0                 0.0                 0.0                 0.0
141.0                      0.0                 0.0                 0.0                 0.0
142.0                      0.0                 0.0                 0.0                 0.0
143.0                      0.0                 0.0                 0.0                 0.0
144.0                      0.0                 0.0                 0.0                 0.0
145.0                      0.0                 0.0                 0.0                 0.0
146.0                      0.0                 0.0                 0.0                 0.0
147.0                      0.0                 0.0                 0.0                 0.0
148.0                      0.0                 0.0                 0.0                 0.0
149.0                      0.0                 0.0                 0.0                 0.0
150.0                      0.0                 0.0                 0.0                 0.0
151.0                      0.0                 0.0                 0.0                 0.0
152.0                      0.0                 0.0                 0.0                 0.0
153.0                      0.0                 0.0                 0.0                 0.0
154.0                      0.0                 0.0                 0.0                 0.0
155.0                      0.0                 0.0                 0.0                 0.0
156.0                      0.0                 0.0                 0.0                 0.0
157.0                      0.0                 0.0                 0.0                 0.0
158.0                      0.0                 0.0                 0.0                 0.0
159.0                      0.0                 0.0                 0.0                 0.0
160.0                      0.0                 0.0                 0.0                 0.0
161.0                      0.0                 0.0                 0.0                 0.0
162.0                      0.0                 0.0                 0.0                 0.0
163.0                      0.0                 0.0                 0.0                 0.0
164.0                      0.0                 0.0                 0.0                 0.0
165.0                      0.0                 0.0                 0.0                 0.0
166.0                      0.0                 0.0                 0.0                 0.0
167.0                      0.0                 0.0                 0.0                 0.0
168.0                      0.0                 0.0                 0.0                 0.0
169.0                      0.0                 0.0                 0.0                 0.0
170.0                      0.0                 0.0                 0.0                 0.0
171.0                      0.0                 0.0                 0.0                 0.0
172.0                      0.0                 0.0                 0.0                 0.0
173.0                      0.0                 0.0                 0.0                 0.0
174.0                      0.0                 0.0                 0.0                 0.0
175.0                      0.0                 0.0                 0.0                 0.0
176.0                      0.0                 0.0                 0.0                 0.0
177.0                      0.0                 0.0                 0.0                 0.0
178.0                      0.0                 0.0                 0.0                 0.0
179.0                      0.0                 0.0                 0.0                 0.0
180.0                      0.0                 0.0                 0.0                 0.0
181.0                      0.0                 0.0                 0.0                 0.0
182.0                      0.0                 0.0                 0.0                 0.0
183.0                      0.0                 0.0                 0.0                 0.0
184.0                      0.0                 0.0                 0.0                 0.0
185.0                      0.0                 0.0                 0.0                 0.0
186.0                      0.0                 0.0                 0.0                 0.0
187.0                      0.0                 0.0                 0.0                 0.0
188.0                      0.0                 0.0                 0.0                 0.0
189.0                      0.0                 0.0                 0.0                 0.0
190.0                      0.0                 0.0                 0.0                 0.0
191.0                      0.0                 0.0                 0.0                 0.0
192.0                      0.0                 0.0                 0.0                 0.0
193.0                      0.0                 0.0                 0.0                 0.0
194.0                      0.0                 0.0                 0.0                 0.0
195.0                      0.0                 0.0                 0.0                 0.0
196.0                      0.0                 0.0                 0.0                 0.0
197.0                      0.0                 0.0                 0.0                 0.0
198.0                      0.0                 0.0                 0.0                 0.0
199.0                      0.0                 0.0                 0.0                 0.0
200.0                      0.0                 0.0                 0.0                 0.0
201.0                      0.0                 0.0                 0.0                 0.0
202.0                      0.0                 0.0                 0.0                 0.0
203.0                      0.0                 0.0                 0.0                 0.0
204.0                      0.0                 0.0                 0.0                 0.0
205.0                      0.0                 0.0                 0.0                 0.0
206.0                      0.0                 0.0                 0.0                 0.0
207.0                      0.0                 0.0                 0.0                 0.0
208.0                      0.0                 0.0                 0.0                 0.0
209.0                      0.0                 0.0                 0.0                 0.0
210.0                      0.0                 0.0                 0.0                 0.0
211.0                      0.0                 0.0                 0.0                 0.0
212.0                      0.0                 0.0                 0.0                 0.0
213.0                      0.0                 0.0                 0.0                 0.0
214.0                      0.0                 0.0                 0.0                 0.0
215.0                      0.0                 0.0                 0.0                 0.0
216.0                      0.0                 0.0                 0.0                 0.0
217.0                      0.0                 0.0                 0.0                 0.0
218.0                      0.0                 0.0                 0.0                 0.0
219.0                      0.0                 0.0                 0.0                 0.0
220.0                      0.0                 0.0                 0.0                 0.0
221.0                      0.0                 0.0                 0.0                 0.0
222.0                      0.0                 0.0                 0.0                 0.0
223.0                      0.0                 0.0                 0.0                 0.0
224.0                      0.0                 0.0                 0.0                 0.0
225.0                      0.0                 0.0                 0.0                 0.0
226.0                      0.0                 0.0                 0.0                 0.0
227.0                      0.0                 0.0                 0.0                 0.0
228.0                      0.0                 0.0                 0.0                 0.0
229.0                      0.0                 0.0                 0.0                 0.0
230.0                      0.0                 0.0                 0.0                 0.0
231.0                      0.0                 0.0                 0.0                 0.0
232.0                      0.0                 0.0                 0.0                 0.0
233.0                      0.0                 0.0                 0.0                 0.0
234.0                      0.0                 0.0                 0.0                 0.0
235.0                      0.0                 0.0                 0.0                 0.0
236.0                      0.0                 0.0                 0.0                 0.0
237.0                      0.0                 0.0                 0.0                 0.0
238.0                      0.0                 0.0                 0.0                 0.0
239.0                      0.0                 0.0                 0.0                 0.0
240.0                      0.0                 0.0                 0.0                 0.0
241.0                      0.0                 0.0                 0.0                 0.0
242.0                      0.0                 0.0                 0.0                 0.0
243.0                      0.0                 0.0                 0.0                 0.0
244.0                      0.0                 0.0                 0.0                 0.0
245.0                      0.0                 0.0                 0.0                 0.0
246.0                      0.0                 0.0                 0.0                 0.0
247.0                      0.0                 0.0                 0.0                 0.0
248.0                      0.0                 0.0                 0.0                 0.0
249.0                      0.0                 0.0                 0.0                 0.0
250.0                      0.0                 0.0                 0.0                 0.0
251.0                      0.0                 0.0                 0.0                 0.0
252.0                      0.0                 0.0                 0.0                 0.0
253.0                      0.0                 0.0                 0.0                 0.0
254.0                      0.0                 0.0                 0.0                 0.0
255.0                      0.0                 0.0                 0.0                 0.0
256.0                      0.0                 0.0                 0.0                 0.0
257.0                      0.0                 0.0                 0.0                 0.0
258.0                      0.0                 0.0                 0.0                 0.0
259.0                      0.0                 0.0                 0.0                 0.0
260.0                      0.0                 0.0                 0.0                 0.0
261.0                      0.0                 0.0                 0.0                 0.0
262.0                      0.0                 0.0                 0.0                 0.0
263.0                      0.0                 0.0                 0.0                 0.0
264.0                      0.0                 0.0                 0.0                 0.0
265.0                      0.0                 0.0                 0.0                 0.0
266.0                      0.0                 0.0                 0.0                 0.0
267.0                      0.0                 0.0                 0.0                 0.0
268.0                      0.0                 0.0                 0.0                 0.0
269.0                      0.0                 0.0                 0.0                 0.0
270.0                      0.0                 0.0                 0.0                 0.0
271.0                      0.0                 0.0                 0.0                 0.0
272.0                      0.0                 0.0                 0.0                 0.0
273.0                      0.0                 0.0                 0.0                 0.0
274.0                      0.0                 0.0                 0.0                 0.0
275.0                      0.0                 0.0                 0.0                 0.0
276.0                      0.0                 0.0                 0.0                 0.0
277.0                      0.0                 0.0                 0.0                 0.0
278.0                      0.0                 0.0                 0.0                 0.0
279.0                      0.0                 0.0                 0.0                 0.0
280.0                      0.0                 0.0                 0.0                 0.0
281.0                      0.0                 0.0                 0.0                 0.0
282.0                      0.0                 0.0                 0.0                 0.0
283.0                      0.0                 0.0                 0.0                 0.0
284.0                      0.0                 0.0                 0.0                 0.0
285.0                      0.0                 0.0                 0.0                 0.0
286.0                      0.0                 0.0                 0.0                 0.0
287.0                      0.0                 0.0                 0.0                 0.0
288.0                      0.0                 0.0                 0.0                 0.0
289.0                      0.0                 0.0                 0.0                 0.0
290.0                      0.0                 0.0                 0.0                 0.0
291.0                      0.0                 0.0                 0.0                 0.0
292.0                      0.0                 0.0                 0.0                 0.0
293.0                      0.0                 0.0                 0.0                 0.0
294.0                      0.0                 0.0                 0.0                 0.0
295.0                      0.0                 0.0                 0.0                 0.0
296.0                      0.0                 0.0                 0.0                 0.0
297.0                      0.0                 0.0                 0.0                 0.0
298.0                      0.0                 0.0                 0.0                 0.0
299.0                      0.0                 0.0                 0.0                 0.0
300.0                      0.0                 0.0                 0.0                 0.0
301.0                      0.0                 0.0                 0.0                 0.0
302.0                      0.0                 0.0                 0.0                 0.0
303.0                      0.0                 0.0                 0.0                 0.0
304.0                      0.0                 0.0                 0.0                 0.0
305.0                      0.0                 0.0                 0.0                 0.0
306.0                      0.0                 0.0                 0.0                 0.0
307.0                      0.0                 0.0                 0.0                 0.0
308.0                      0.0                 0.0                 0.0                 0.0
309.0                      0.0                 0.0                 0.0                 0.0
310.0                      0.0                 0.0                 0.0                 0.0
311.0                      0.0                 0.0                 0.0                 0.0
312.0                      0.0                 0.0                 0.0                 0.0
313.0                      0.0                 0.0                 0.0                 0.0
314.0                      0.0                 0.0                 0.0                 0.0
315.0                      0.0                 0.0                 0.0                 0.0
316.0                      0.0                 0.0                 0.0                 0.0
317.0                      0.0                 0.0                 0.0                 0.0
318.0                      0.0                 0.0                 0.0                 0.0
319.0                      0.0                 0.0                 0.0                 0.0
320.0                      0.0                 0.0                 0.0                 0.0
321.0                    0.033                 0.0                 0.0                 0.0
322.0                    0.067                 0.0                 0.0                 0.0
323.0                    0.067                 0.0                 0.0                 0.0
324.0                    0.067                 0.0                 0.0                 0.0
325.0                    0.067                 0.0                 0.0                 0.0
326.0                    0.067                 0.0                 0.0                 0.0
327.0                    0.067                 0.0                 0.0                 0.0
328.0                    0.067                 0.0                 0.0                 0.0
329.0                    0.133               0.067                 0.0                 0.0
330.0                    0.133               0.067                 0.0                 0.0
331.0                      0.2               0.067                 0.0                 0.0
332.0                    0.233               0.067                 0.0                 0.0
333.0                    0.233                 0.1                 0.0                 0.0
334.0                    0.333                 0.1                 0.0                 0.0
335.0                    0.367               0.133                 0.0                 0.0
336.0                    0.433               0.167                 0.0                 0.0
337.0                    0.467                 0.2                 0.0                 0.0
338.0                    0.467               0.233                 0.0                 0.0
339.0                    0.467               0.267                 0.0                 0.0
340.0                      0.6               0.267                 0.0                 0.0
341.0                      0.6               0.267                 0.0                 0.0
342.0                    0.733               0.367               0.033                 0.0
343.0                    0.733               0.467               0.033                 0.0
344.0                      0.8               0.467               0.033                 0.0
345.0                      0.9               0.533               0.033                 0.0
346.0                    0.967                 0.6               0.067                 0.0
347.0                    0.967               0.667               0.067               0.033
348.0                    1.133               0.667               0.067               0.067
349.0                    1.167                 0.7               0.067               0.067
350.0                    1.233                 0.7               0.067                 0.1
351.0                    1.233                 0.7               0.067               0.133
352.0                      1.2                 0.7               0.067               0.133
353.0                    1.233                 0.7               0.067               0.167
354.0                    1.233                 0.7               0.067               0.167
355.0                    1.267                 0.7               0.067                 0.2
356.0                    1.267                 0.7               0.067                 0.2
357.0                    1.267                 0.7               0.067                 0.2
358.0                    1.267                 0.7               0.067                 0.2
359.0                      1.3               0.733                 0.1                 0.2
360.0                    1.433                 0.8                 0.1               0.233
361.0                      1.4                 0.8                 0.1               0.233
362.0                    1.433               0.867               0.133               0.233
363.0                    1.567               0.833               0.133               0.333
364.0                    1.467               0.833               0.167               0.333
365.0                    1.533               0.833               0.167               0.333
366.0                    1.567                 0.9               0.167               0.333
367.0                      1.6               0.867               0.167               0.433
368.0                    1.733               0.867               0.167               0.467
369.0                    1.867               0.833               0.167                 0.6
370.0                    1.833               0.867               0.167               0.633
371.0                    1.967               0.967               0.167               0.733
372.0                    1.967                 0.9               0.133               0.833
373.0                    2.167               0.833               0.133               0.933
374.0                    2.233               0.833               0.133                 1.1
375.0                      2.3                 0.8               0.133               1.233
376.0                    2.233               0.733                 0.1               1.267
377.0                      2.3                 0.7                 0.1               1.367
378.0                    2.233               0.767                 0.1               1.333
379.0                    2.467                 0.8               0.167               1.467
380.0                    2.633               0.867               0.167                 1.6
381.0                    2.767               0.933                 0.2                 1.7
382.0                      2.9               0.967                 0.2               1.833
383.0                    3.033               1.033               0.233               1.967
384.0                      3.1               1.067               0.233                 2.0
385.0                    3.233               1.133               0.267                 2.1
386.0                      3.4               1.167               0.267               2.167
387.0                    3.467               1.167                 0.3                 2.2
388.0                      3.6                 1.2                 0.3               2.267
389.0                    3.667               1.133                 0.3               2.367
390.0                    3.533               1.067                 0.3               2.333
391.0                    3.567               1.067                 0.3               2.367
392.0                      3.6               1.033               0.267                 2.4
393.0                    3.567                 1.1                 0.3               2.333
394.0                    3.633                 1.1               0.267                 2.4
395.0                    3.533               1.067               0.267                 2.4
396.0                    3.433               0.967               0.267                 2.4
397.0                    3.367               0.967               0.267                 2.3
398.0                    3.233               0.933               0.267               2.267
399.0                      3.1               0.933               0.267               2.133
400.0                    3.067               0.933               0.267               2.167
401.0                      3.0               0.867               0.267               2.067
402.0                    2.867               0.833               0.267                 2.0
403.0                    2.733               0.833               0.267               1.933
404.0                    2.633               0.833               0.267               1.767
405.0                    2.533               0.867                 0.3                 1.7
406.0                      2.6                 0.9               0.333               1.667
407.0                      2.8               0.967                 0.4               1.633
408.0                    2.733               0.933                 0.4               1.633
409.0                      2.5               0.867               0.333               1.533
410.0                    2.333                 0.8               0.367               1.367
411.0                    2.167               0.733               0.333               1.233
412.0                    2.033               0.733               0.367                 1.1
413.0                    1.933               0.667               0.333               0.933
414.0                    1.933               0.633               0.367                 0.9
415.0                      1.8                 0.6               0.367                 0.8
416.0                    1.667                 0.6               0.367               0.733
417.0                    1.667               0.633               0.367               0.733
418.0                      1.6               0.633               0.367                 0.7
419.0                    1.433                 0.6               0.333                 0.6
420.0                    1.433                 0.6               0.333                 0.6
421.0                    1.367                 0.6               0.333               0.567
422.0                    1.267               0.567               0.333               0.533
423.0                    1.167                 0.5                 0.3                 0.5
424.0                    1.167               0.533                 0.3               0.467
425.0                    1.167               0.533                 0.3                 0.5
426.0                    1.167               0.533                 0.3                 0.5
427.0                    1.167               0.533                 0.3                 0.5
428.0                    1.167               0.533                 0.3                 0.5
429.0                    1.167               0.567               0.333                 0.5
430.0                    1.133               0.533               0.333               0.433
431.0                    1.067                 0.5               0.333               0.433
432.0                    1.067                 0.5               0.367                 0.4
433.0                      1.0               0.467               0.367               0.367
434.0                    0.967                 0.5               0.367               0.367
435.0                      0.9               0.467               0.333                 0.3
436.0                    0.833               0.433                 0.3                 0.3
437.0                    0.567               0.333               0.233                 0.2
438.0                    0.533                 0.3               0.233                 0.2
439.0                      0.5                 0.3               0.233               0.167
440.0                    0.433                 0.3                 0.2               0.167
441.0                    0.433                 0.3                 0.2               0.167
442.0                    0.433               0.267               0.167               0.167
443.0                    0.367               0.267               0.167               0.167
444.0                      0.3               0.267               0.133               0.167
445.0                    0.267               0.233                 0.1               0.133
446.0                    0.233               0.233                 0.1               0.133
447.0                    0.167                 0.2               0.067                 0.1
448.0                      0.1               0.167               0.067               0.067
449.0                      0.1                 0.2               0.067               0.067
450.0                      0.1                 0.2               0.067               0.067
451.0                      0.1                 0.2               0.067               0.067
452.0                      0.1                 0.2               0.067               0.067
453.0                      0.1                 0.2               0.067               0.067
454.0                    0.033               0.167               0.067               0.033
455.0                    0.033               0.167               0.067                 0.0
456.0                    0.033               0.167               0.067                 0.0
457.0                    0.033               0.167               0.067                 0.0
458.0                    0.033               0.167               0.067                 0.0
459.0                    0.033               0.133               0.033                 0.0
460.0                      0.0               0.133               0.033                 0.0
461.0                      0.0               0.133               0.033                 0.0
462.0                      0.0               0.133                 0.0                 0.0
463.0                      0.0               0.133                 0.0                 0.0
464.0                      0.0                 0.1                 0.0                 0.0
465.0                      0.0               0.067                 0.0                 0.0
466.0                      0.0               0.067                 0.0                 0.0
467.0                      0.0               0.067                 0.0                 0.0
468.0                      0.0               0.067                 0.0                 0.0
469.0                      0.0               0.067                 0.0                 0.0
470.0                      0.0               0.067                 0.0                 0.0
471.0                      0.0               0.067                 0.0                 0.0
472.0                      0.0               0.067                 0.0                 0.0
473.0                      0.0               0.067                 0.0                 0.0
474.0                      0.0               0.067                 0.0                 0.0
475.0                      0.0               0.067                 0.0                 0.0
476.0                      0.0               0.033                 0.0                 0.0
477.0                      0.0               0.033                 0.0                 0.0
478.0                      0.0               0.033                 0.0                 0.0
479.0                      0.0                 0.0                 0.0                 0.0
480.0                      0.0                 0.0                 0.0                 0.0
481.0                      0.0                 0.0                 0.0                 0.0
482.0                      0.0                 0.0                 0.0                 0.0
483.0                      0.0                 0.0                 0.0                 0.0
484.0                      0.0                 0.0                 0.0                 0.0
485.0                      0.0                 0.0                 0.0                 0.0
486.0                      0.0                 0.0                 0.0                 0.0
487.0                      0.0                 0.0                 0.0                 0.0
488.0                      0.0                 0.0                 0.0                 0.0
489.0                      0.0                 0.0                 0.0                 0.0
490.0                      0.0                 0.0                 0.0                 0.0
491.0                      0.0                 0.0                 0.0                 0.0
492.0                      0.0                 0.0                 0.0                 0.0
493.0                      0.0                 0.0                 0.0                 0.0
494.0                      0.0                 0.0                 0.0                 0.0
495.0                      0.0                 0.0                 0.0                 0.0
496.0                      0.0                 0.0                 0.0                 0.0
497.0                      0.0                 0.0                 0.0                 0.0
498.0                      0.0                 0.0                 0.0                 0.0
499.0                      0.0                 0.0                 0.0                 0.0
500.0                      0.0                 0.0                 0.0                 0.0
501.0                      0.0                 0.0                 0.0                 0.0
502.0                      0.0                 0.0                 0.0                 0.0
503.0                      0.0                 0.0                 0.0                 0.0
504.0                      0.0                 0.0                 0.0                 0.0
505.0                      0.0                 0.0                 0.0                 0.0
506.0                      0.0                 0.0                 0.0                 0.0
507.0                      0.0                 0.0                 0.0                 0.0
508.0                      0.0                 0.0                 0.0                 0.0
509.0                      0.0                 0.0                 0.0                 0.0
510.0                      0.0                 0.0                 0.0                 0.0
511.0                      0.0                 0.0                 0.0                 0.0
512.0                      0.0                 0.0                 0.0                 0.0
513.0                      0.0                 0.0                 0.0                 0.0
514.0                      0.0                 0.0                 0.0                 0.0
515.0                      0.0                 0.0                 0.0                 0.0
516.0                      0.0                 0.0                 0.0                 0.0
517.0                      0.0                 0.0                 0.0                 0.0
518.0                      0.0                 0.0                 0.0                 0.0
519.0                      0.0                 0.0                 0.0                 0.0
520.0                      0.0                 0.0                 0.0                 0.0
521.0                      0.0                 0.0                 0.0                 0.0
522.0                      0.0                 0.0                 0.0                 0.0
523.0                      0.0                 0.0                 0.0                 0.0
524.0                      0.0                 0.0                 0.0                 0.0
525.0                      0.0                 0.0                 0.0                 0.0
526.0                      0.0                 0.0                 0.0                 0.0
527.0                      0.0                 0.0                 0.0                 0.0
528.0                      0.0                 0.0                 0.0                 0.0
529.0                      0.0                 0.0                 0.0                 0.0
530.0                      0.0                 0.0                 0.0                 0.0
531.0                      0.0                 0.0                 0.0                 0.0
532.0                      0.0                 0.0                 0.0                 0.0
533.0                      0.0                 0.0                 0.0                 0.0
534.0                      0.0                 0.0                 0.0                 0.0
535.0                      0.0                 0.0                 0.0                 0.0
536.0                      0.0                 0.0                 0.0                 0.0
537.0                      0.0                 0.0                 0.0                 0.0
538.0                      0.0                 0.0                 0.0                 0.0
539.0                      0.0                 0.0                 0.0                 0.0
540.0                      0.0                 0.0                 0.0                 0.0
541.0                      0.0                 0.0                 0.0                 0.0
542.0                      0.0                 0.0                 0.0                 0.0
543.0                      0.0                 0.0                 0.0                 0.0
544.0                      0.0                 0.0                 0.0                 0.0
545.0                      0.0                 0.0                 0.0                 0.0
546.0                      0.0                 0.0                 0.0                 0.0
547.0                      0.0                 0.0                 0.0                 0.0
548.0                      0.0                 0.0                 0.0                 0.0
549.0                      0.0                 0.0                 0.0                 0.0
550.0                      0.0                 0.0                 0.0                 0.0
551.0                      0.0                 0.0                 0.0                 0.0
552.0                      0.0                 0.0                 0.0                 0.0
553.0                      0.0                 0.0                 0.0                 0.0
554.0                      0.0                 0.0                 0.0                 0.0
555.0                      0.0                 0.0                 0.0                 0.0
556.0                      0.0                 0.0                 0.0                 0.0
557.0                      0.0                 0.0                 0.0                 0.0
558.0                      0.0                 0.0                 0.0                 0.0
559.0                      0.0                 0.0                 0.0                 0.0
560.0                      0.0                 0.0                 0.0                 0.0
561.0                      0.0                 0.0                 0.0                 0.0
562.0                      0.0                 0.0                 0.0                 0.0
563.0                      0.0                 0.0                 0.0                 0.0
564.0                      0.0                 0.0                 0.0                 0.0
565.0                      0.0                 0.0                 0.0                 0.0
566.0                      0.0                 0.0                 0.0                 0.0
567.0                      0.0                 0.0                 0.0                 0.0
568.0                      0.0                 0.0                 0.0                 0.0
569.0                      0.0                 0.0                 0.0                 0.0
570.0                      0.0                 0.0                 0.0                 0.0
571.0                      0.0                 0.0                 0.0                 0.0
572.0                      0.0                 0.0                 0.0                 0.0
573.0                      0.0                 0.0                 0.0                 0.0
574.0                      0.0                 0.0                 0.0                 0.0
575.0                      0.0                 0.0                 0.0                 0.0
576.0                      0.0                 0.0                 0.0                 0.0
577.0                      0.0                 0.0                 0.0                 0.0
578.0                      0.0                 0.0                 0.0                 0.0
579.0                      0.0                 0.0                 0.0                 0.0
580.0                      0.0                 0.0                 0.0                 0.0
581.0                      0.0                 0.0                 0.0                 0.0
582.0                      0.0                 0.0                 0.0                 0.0
583.0                      0.0                 0.0                 0.0                 0.0
584.0                      0.0                 0.0                 0.0                 0.0
585.0                      0.0                 0.0                 0.0                 0.0
